1383764950000.000000 -0.011168257 0.007654462 -0.021393698 -0.032919891 -0.894500732 -0.445849299 -0.001811027
1386284950000.000000 -0.022633616 0.005064176 0.013840167 -0.012447594 -0.860961795 -0.508244574 0.016655114
1389044950000.000244 -0.071870044 -0.025529366 0.002732918 0.069836915 -0.851541102 -0.512498736 0.085706718
1391624950000.000244 -0.063085370 -0.048247982 0.135789916 0.052745026 -0.787403703 -0.604422212 0.109028570
1393264950000.000000 -0.069971539 -0.027456433 0.011138363 0.061902776 -0.843976259 -0.523683846 0.098119311
1396164950000.000000 -0.074890263 -0.013768386 0.010500688 0.063542336 -0.838901222 -0.531589866 0.098078467
1398344950000.000244 -0.050896402 -0.078359649 0.196687445 0.048076216 -0.783812761 -0.612019241 0.093588695
1401304950000.000244 -0.045263205 -0.063204169 0.195548490 0.049815837 -0.807956994 -0.586912394 0.016054003
1403544950000.000244 -0.048565656 -0.072977901 0.106871501 0.068040341 -0.821664512 -0.565687716 0.015344718
1404044950000.000244 -0.049282681 -0.073623076 0.077982873 0.072124749 -0.828537345 -0.555078626 0.014546978
1404544950000.000244 -0.057254951 -0.060759343 0.024893690 0.087391257 -0.843000054 -0.530509949 0.016518971
1405424950000.000000 -0.056020729 -0.054695144 -0.009387759 0.073479623 -0.848847866 -0.522392869 0.034114923
1405704950000.000000 -0.057458859 -0.053577557 -0.032474302 0.067693502 -0.852897584 -0.514491856 0.057284169
1406204950000.000000 -0.060220093 -0.057785191 -0.009663012 0.073000230 -0.824390233 -0.557438910 0.065678716
1406704950000.000000 -0.060762543 -0.065588340 0.010527004 0.075397238 -0.799779713 -0.591327786 0.070704877
1407024950000.000000 -0.055379663 -0.088512771 0.033789046 0.072232433 -0.766881764 -0.633254170 0.075260468
1408024950000.000000 -0.056755975 -0.084221423 0.009747175 0.072928272 -0.782916665 -0.613527954 0.072845653
1408784950000.000000 -0.052843791 -0.091000095 0.051594619 0.063185416 -0.756902277 -0.646132767 0.074960150
1408984950000.000000 -0.050596464 -0.103247114 0.094748601 0.059457924 -0.723420680 -0.683343112 0.078546390
1409844950000.000244 -0.059344377 -0.066878684 -0.020613996 0.077889003 -0.821001410 -0.562733233 0.056756318
1410844950000.000244 -0.059057325 -0.065968305 0.018836217 0.074267522 -0.797186017 -0.596161008 0.059757434
1411204950000.000000 -0.069496930 -0.020995794 0.031653266 0.084596679 -0.811729431 -0.574711561 0.060376942
1411684950000.000000 -0.045888625 0.023181733 0.021418225 0.040636159 -0.836848557 -0.545429945 0.023226762
1412184950000.000000 -0.037799057 0.007828796 0.010522671 0.031129632 -0.838591158 -0.543835402 0.006241435
1412604950000.000244 -0.027919523 -0.061170511 0.013570197 0.011076435 -0.819721043 -0.572655499 -0.000602743
1413764950000.000000 -0.001996129 -0.062141113 0.014797088 -0.033806942 -0.815017283 -0.575131834 -0.061865944
1414884950000.000000 -0.055216648 -0.074263155 0.006632406 0.088628583 -0.819258511 -0.566215158 0.018999251
1416384950000.000000 -0.057250183 -0.074775718 0.005544059 0.094120257 -0.818776608 -0.565984011 0.020207468
1416884950000.000000 -0.056751814 -0.075277165 0.005650429 0.094071023 -0.818721831 -0.566060245 0.020519802
1417384950000.000000 -0.056871101 -0.075079083 0.005533943 -0.094675377 0.818694651 0.566007495 -0.020273795
